#[channel 2 V, channel 3 V, channel 3 phase]
5.00000e+01 5.10000e+01 4.04000e+01
5.10000e+01 5.10000e+01 4.04000e+01
5.20000e+01 5.40000e+01 4.03400e+01
5.30000e+01 5.30000e+01 4.03200e+01
5.40000e+01 5.40000e+01 4.01800e+01
5.50000e+01 5.50000e+01 4.00000e+01
5.60000e+01 5.70000e+01 3.98400e+01
5.70000e+01 5.70000e+01 3.98400e+01
5.80000e+01 5.80000e+01 3.98600e+01
5.90000e+01 5.90000e+01 3.98800e+01
6.00000e+01 6.00000e+01 3.99000e+01
6.10000e+01 6.10000e+01 3.99400e+01
6.20000e+01 6.20000e+01 3.99800e+01
6.30000e+01 6.30000e+01 3.99800e+01
6.40000e+01 6.40000e+01 4.00000e+01
6.50000e+01 6.50000e+01 4.00400e+01
6.60000e+01 6.60000e+01 4.00400e+01
6.70000e+01 6.70000e+01 4.00400e+01
6.80000e+01 6.80000e+01 4.00600e+01
6.90000e+01 6.90000e+01 4.01000e+01
7.00000e+01 7.00000e+01 4.01200e+01
7.10000e+01 7.00000e+01 4.01200e+01
7.20000e+01 7.20000e+01 4.00200e+01
7.30000e+01 7.20000e+01 4.00200e+01
7.40000e+01 7.30000e+01 3.99000e+01
7.50000e+01 7.50000e+01 3.99000e+01
7.60000e+01 7.50000e+01 3.99000e+01
7.70000e+01 7.50000e+01 3.99000e+01
7.80000e+01 7.70000e+01 3.99000e+01
7.90000e+01 7.80000e+01 3.99000e+01
8.00000e+01 7.90000e+01 3.98800e+01
8.10000e+01 8.00000e+01 3.99800e+01
8.20000e+01 8.10000e+01 3.99600e+01
8.30000e+01 8.10000e+01 3.99400e+01
8.40000e+01 8.20000e+01 3.99800e+01
8.50000e+01 8.40000e+01 3.99800e+01
8.60000e+01 8.50000e+01 4.00000e+01
8.70000e+01 8.60000e+01 4.00000e+01
8.80000e+01 8.70000e+01 4.00200e+01
8.90000e+01 8.70000e+01 4.00200e+01
9.00000e+01 8.80000e+01 4.00600e+01
9.10000e+01 8.90000e+01 3.99200e+01
9.20000e+01 9.10000e+01 3.99400e+01
9.30000e+01 9.10000e+01 3.98800e+01
9.40000e+01 9.10000e+01 3.98000e+01
9.50000e+01 9.20000e+01 3.98000e+01
9.60000e+01 9.30000e+01 3.98000e+01
9.70000e+01 9.50000e+01 3.98200e+01
9.80000e+01 9.60000e+01 3.98200e+01
9.90000e+01 9.70000e+01 3.98200e+01
1.00000e+02 9.70000e+01 3.98400e+01
