50.00 75.00 37.90
51.00 77.00 38.00
52.00 79.00 38.10
53.00 79.00 38.10
54.00 80.00 38.10
55.00 82.00 38.30
56.00 84.00 38.30
57.00 85.00 38.30
58.00 87.00 38.30
59.00 87.00 38.30
60.00 89.00 38.40
61.00 91.00 38.40
62.00 92.00 38.40
63.00 95.00 38.50
64.00 96.00 38.50
65.00 96.00 38.50
66.00 98.00 38.60
67.00 99.00 38.60
68.00 102.00 38.70
69.00 103.00 38.80
70.00 105.00 38.80
71.00 106.00 38.90
72.00 107.00 39.00
73.00 109.00 39.10
74.00 110.00 39.10
75.00 111.00 39.10
76.00 114.00 39.10
77.00 114.00 39.10
78.00 115.00 39.10
79.00 117.00 39.20
80.00 119.00 39.20
81.00 121.00 39.30
82.00 122.00 39.30
83.00 122.00 39.30
84.00 123.00 39.30
85.00 126.00 39.30
86.00 127.00 39.30
87.00 129.00 39.30
88.00 131.00 39.30
89.00 132.00 39.30
90.00 133.00 39.40
91.00 134.00 39.40
92.00 135.00 39.40
93.00 138.00 39.40
94.00 138.00 39.40
95.00 139.00 39.40
96.00 140.00 39.40
97.00 143.00 39.40
98.00 144.00 39.40
99.00 146.00 39.40
100.00 147.00 39.40
101.00 148.00 39.40
102.00 150.00 39.40
103.00 151.00 39.40
104.00 154.00 39.40
105.00 155.00 39.40
106.00 155.00 39.40
107.00 157.00 39.40
108.00 158.00 39.40
109.00 161.00 39.40
110.00 162.00 39.40
111.00 163.00 39.40
112.00 163.00 39.40
113.00 166.00 39.40
114.00 167.00 39.40
115.00 169.00 39.40
116.00 170.00 39.40
117.00 173.00 40.00
118.00 173.00 40.00
119.00 174.00 40.00
120.00 175.00 40.00
121.00 178.00 40.00
122.00 179.00 40.00
123.00 181.00 40.00
124.00 181.00 40.00
125.00 182.00 40.00
126.00 185.00 40.00
127.00 186.00 40.00
128.00 189.00 40.10
129.00 190.00 40.10
130.00 190.00 40.10
131.00 192.00 40.10
132.00 193.00 40.10
133.00 195.00 40.20
134.00 197.00 40.20
135.00 198.00 40.20
136.00 198.00 40.20
137.00 201.00 40.20
138.00 202.00 40.20
139.00 203.00 40.20
140.00 205.00 40.30
141.00 206.00 40.30
142.00 207.00 40.30
143.00 209.00 40.30
144.00 210.00 40.30
145.00 213.00 40.30
146.00 214.00 40.30
147.00 214.00 40.30
148.00 216.00 40.30
149.00 217.00 40.30
150.00 220.00 40.30
151.00 221.00 40.30
152.00 222.00 40.30
153.00 223.00 40.30
154.00 225.00 40.30
155.00 227.00 40.30
156.00 228.00 40.30
157.00 230.00 40.30
158.00 232.00 40.30
159.00 232.00 40.30
160.00 233.00 40.30
161.00 237.00 40.30
162.00 238.00 40.30
163.00 240.00 40.40
164.00 242.00 40.40
165.00 242.00 40.40
166.00 243.00 40.40
167.00 245.00 40.40
168.00 246.00 40.40
169.00 249.00 40.40
170.00 250.00 40.40
171.00 250.00 40.40
172.00 252.00 40.40
173.00 254.00 40.40
174.00 256.00 40.40
175.00 257.00 40.40
176.00 260.00 40.40
177.00 260.00 40.40
178.00 261.00 40.40
179.00 263.00 40.40
180.00 264.00 40.40
181.00 266.00 40.40
182.00 268.00 40.40
183.00 268.00 40.40
184.00 270.00 40.40
185.00 272.00 40.40
186.00 273.00 40.40
187.00 275.00 40.40
188.00 276.00 40.40
189.00 277.00 40.40
190.00 279.00 40.40
191.00 280.00 40.40
192.00 283.00 40.40
193.00 284.00 40.40
194.00 285.00 40.40
195.00 286.00 40.40
196.00 287.00 40.40
197.00 290.00 40.40
198.00 291.00 40.40
199.00 293.00 40.40
200.00 294.00 40.40
201.00 295.00 40.40
202.00 297.00 40.40
203.00 298.00 40.40
204.00 299.00 40.40
205.00 302.00 40.40
206.00 303.00 40.40
207.00 304.00 40.40
208.00 305.00 40.40
209.00 307.00 40.40
210.00 309.00 40.40
211.00 310.00 40.40
212.00 311.00 40.40
213.00 313.00 40.40
214.00 314.00 40.40
215.00 316.00 40.50
216.00 317.00 40.50
217.00 320.00 40.50
218.00 320.00 40.50
219.00 321.00 40.50
220.00 322.00 40.50
221.00 325.00 40.50
222.00 327.00 40.40
223.00 328.00 40.40
224.00 329.00 40.40
225.00 331.00 40.40
226.00 332.00 40.40
227.00 334.00 40.30
228.00 336.00 40.30
229.00 337.00 40.30
230.00 338.00 40.30
231.00 339.00 40.30
232.00 342.00 40.30
233.00 343.00 40.30
234.00 345.00 40.30
235.00 345.00 40.30
236.00 346.00 40.30
237.00 348.00 40.30
238.00 350.00 40.20
239.00 352.00 40.20
240.00 354.00 40.20
241.00 355.00 40.20
242.00 356.00 40.20
243.00 357.00 40.20
244.00 360.00 40.20
245.00 361.00 40.20
246.00 363.00 40.20
247.00 363.00 40.20
248.00 364.00 40.20
249.00 367.00 40.20
250.00 368.00 40.20
251.00 371.00 40.10
252.00 372.00 40.10
253.00 373.00 40.10
254.00 374.00 40.10
255.00 375.00 40.10
256.00 378.00 40.10
257.00 379.00 40.10
258.00 381.00 40.00
259.00 382.00 40.00
260.00 383.00 40.00
261.00 385.00 40.00
262.00 386.00 40.00
263.00 389.00 39.90
264.00 390.00 39.90
265.00 391.00 39.90
266.00 392.00 39.90
267.00 393.00 39.90
268.00 396.00 39.90
269.00 397.00 39.90
270.00 399.00 39.90
271.00 400.00 39.90
272.00 401.00 39.90
273.00 403.00 39.90
274.00 404.00 39.80
275.00 407.00 39.80
276.00 408.00 39.80
277.00 409.00 39.80
278.00 410.00 39.80
279.00 411.00 39.80
280.00 414.00 39.80
281.00 415.00 39.80
282.00 416.00 39.80
283.00 418.00 39.80
284.00 419.00 39.80
285.00 421.00 39.70
286.00 422.00 39.70
287.00 425.00 39.70
288.00 426.00 39.70
289.00 427.00 39.70
290.00 428.00 39.70
291.00 430.00 39.70
292.00 432.00 39.70
293.00 433.00 39.60
294.00 434.00 39.60
295.00 436.00 39.60
296.00 437.00 39.60
297.00 439.00 39.60
298.00 442.00 39.50
299.00 443.00 39.50
300.00 444.00 39.50
301.00 445.00 39.50
302.00 446.00 39.50
303.00 448.00 39.50
304.00 450.00 39.40
305.00 452.00 39.40
306.00 453.00 39.40
307.00 455.00 39.30
308.00 456.00 39.30
309.00 459.00 39.30
310.00 460.00 39.30
311.00 461.00 39.30
312.00 462.00 39.30
313.00 463.00 39.30
314.00 465.00 39.30
315.00 467.00 39.30
316.00 469.00 39.20
317.00 471.00 39.20
318.00 472.00 39.20
319.00 473.00 39.20
320.00 474.00 39.20
321.00 477.00 39.20
322.00 478.00 39.10
323.00 479.00 39.10
324.00 480.00 39.10
325.00 481.00 39.10
326.00 484.00 39.10
327.00 485.00 39.10
328.00 487.00 39.00
329.00 488.00 39.00
330.00 490.00 39.00
331.00 491.00 39.00
332.00 493.00 39.00
333.00 496.00 38.90
334.00 497.00 38.90
335.00 498.00 38.90
336.00 499.00 38.90
337.00 501.00 38.90
338.00 503.00 38.90
339.00 504.00 38.90
340.00 507.00 38.90
341.00 508.00 38.90
342.00 509.00 38.90
343.00 510.00 38.80
344.00 513.00 38.80
345.00 514.00 38.80
346.00 516.00 38.80
347.00 517.00 38.80
348.00 518.00 38.80
349.00 520.00 38.80
350.00 521.00 38.80
351.00 524.00 38.70
352.00 525.00 38.70
353.00 526.00 38.70
354.00 527.00 38.70
355.00 528.00 38.70
356.00 531.00 38.70
357.00 533.00 38.60
358.00 534.00 38.60
359.00 535.00 38.60
360.00 537.00 38.50
361.00 538.00 38.50
362.00 540.00 38.50
363.00 542.00 38.50
364.00 544.00 38.50
365.00 545.00 38.50
366.00 546.00 38.50
367.00 548.00 38.50
368.00 550.00 38.40
369.00 553.00 38.30
370.00 554.00 38.30
371.00 555.00 38.30
372.00 556.00 38.30
373.00 557.00 38.30
374.00 560.00 38.30
375.00 561.00 38.30
376.00 562.00 38.30
377.00 563.00 38.30
378.00 565.00 38.30
379.00 567.00 38.30
380.00 568.00 38.30
381.00 571.00 38.20
382.00 572.00 38.20
383.00 573.00 38.20
384.00 574.00 38.10
385.00 577.00 38.10
386.00 578.00 38.10
387.00 580.00 38.10
388.00 581.00 38.10
389.00 582.00 38.10
390.00 584.00 38.10
391.00 586.00 38.00
392.00 587.00 38.00
393.00 590.00 38.00
394.00 591.00 37.90
395.00 592.00 37.90
396.00 593.00 37.90
397.00 596.00 37.90
398.00 597.00 37.90
399.00 600.00 37.90
400.00 601.00 37.90
